[gd_scene load_steps=42 format=3 uid="uid://bhelq35441kr6"]

[ext_resource type="Script" uid="uid://cu07qd0smarvj" path="res://main_game_controller.gd" id="1_1bvp3"]
[ext_resource type="Script" uid="uid://cfnjwif6x4shw" path="res://Actors/main_player_blackhole.gd" id="2_82xsv"]
[ext_resource type="Script" uid="uid://bx6ucmmgafusc" path="res://Actors/main_player_camera.gd" id="3_getpj"]
[ext_resource type="PackedScene" uid="uid://dn8notrn6q2bl" path="res://Assets/blackhole/blackhole_animated_sprite.tscn" id="4_d13ii"]
[ext_resource type="Shader" uid="uid://b1y0gsr6xsflk" path="res://_archive_/star_bg_1.gdshader" id="4_ryguw"]
[ext_resource type="PackedScene" uid="uid://ccy8kdylj8yqp" path="res://Shop/Scenes/shop_ui__main.tscn" id="5_lquwl"]
[ext_resource type="Script" uid="uid://gkdbmm4hkv2y" path="res://Global/object_spawn_util.gd" id="6_272bh"]
[ext_resource type="Resource" uid="uid://jnr6mqxkh8wg" path="res://Actors/Consumable Object Configs/_global_defaults.tres" id="7_272bh"]
[ext_resource type="Resource" uid="uid://b7t4878gb74r" path="res://Actors/Consumable Object Configs/asteroid_sm_config.tres" id="7_dg77c"]
[ext_resource type="Script" uid="uid://c0bjo2y3cqn0b" path="res://Actors/debug_velocity_line.gd" id="8_lswn8"]
[ext_resource type="Resource" uid="uid://c7fl57er0sg3u" path="res://Actors/Consumable Object Configs/asteroid_lg_config.tres" id="8_ycdy4"]
[ext_resource type="Texture2D" uid="uid://d1g2klsm0e82" path="res://Assets/astroids/a_lg_4.png" id="9_1u8w0"]
[ext_resource type="Resource" uid="uid://chdx73brdevmk" path="res://Actors/Consumable Object Configs/planet_sm_config.tres" id="9_w48qg"]
[ext_resource type="Script" uid="uid://dukoe8usyc01c" path="res://Assets/Particles/repelling_particles.gd" id="10_0odxb"]
[ext_resource type="Resource" uid="uid://b7us44gb6nx8d" path="res://Actors/Consumable Object Configs/planet_lg_config.tres" id="10_vivmo"]
[ext_resource type="Resource" uid="uid://bnnsrom7pih71" path="res://Actors/Consumable Object Configs/star_sm_config.tres" id="11_2cqfq"]
[ext_resource type="Resource" uid="uid://cu2c5kqhou2yy" path="res://Actors/Consumable Object Configs/star_lg_config.tres" id="12_yaehf"]
[ext_resource type="Script" uid="uid://cpcum24i1xlux" path="res://fix_paper_sprite_z_levels.gd" id="18_a6jrf"]
[ext_resource type="Texture2D" uid="uid://bhci000xmt8cc" path="res://Assets/paper_sheet_texture_4k.png" id="19_xuqvo"]
[ext_resource type="PackedScene" uid="uid://bi1rpbm67j8q1" path="res://Assets/Sound/sound_node.tscn" id="20_qsp4k"]
[ext_resource type="Script" uid="uid://dp4h2ubs20gi1" path="res://spawn_controller.gd" id="22_1u8w0"]
[ext_resource type="Script" uid="uid://bn50goda8fbf2" path="res://spawn_area.gd" id="22_d13ii"]
[ext_resource type="Material" uid="uid://dnk8mb4tav6bd" path="res://Assets/_debug_materials/debug__yellow.tres" id="22_ryguw"]
[ext_resource type="Material" uid="uid://bjbffghuxwh6j" path="res://Assets/_debug_materials/debug__orange.tres" id="24_1u8w0"]
[ext_resource type="Material" uid="uid://cxirf3ipqxtxw" path="res://Assets/_debug_materials/debug__red.tres" id="25_a6jrf"]
[ext_resource type="Material" uid="uid://dar8tqal6eoej" path="res://Assets/_debug_materials/debug__red_dark.tres" id="26_xuqvo"]
[ext_resource type="Material" uid="uid://cwpn273i0y0sa" path="res://Assets/_debug_materials/debug__blue_light.tres" id="27_qsp4k"]
[ext_resource type="Material" uid="uid://bmank7ptc2dxe" path="res://Assets/_debug_materials/debug__blue_dark.tres" id="28_xuqvo"]

[sub_resource type="PhysicsMaterial" id="PhysicsMaterial_rd3fw"]
friction = 0.15
absorbent = true

[sub_resource type="SphereShape3D" id="SphereShape3D_vrwos"]
radius = 2.73665

[sub_resource type="SphereShape3D" id="SphereShape3D_3ll2g"]
radius = 37.1124

[sub_resource type="PlaneMesh" id="PlaneMesh_ttpe4"]
size = Vector2(1500, 900)
orientation = 2

[sub_resource type="ShaderMaterial" id="ShaderMaterial_43eny"]
render_priority = -20
shader = ExtResource("4_ryguw")
shader_parameter/sky_color = Color(0.05, 0.05, 0.1, 1)
shader_parameter/star_color = Color(1, 1, 1, 1)
shader_parameter/star_density = 168.0
shader_parameter/star_chance = 0.41
shader_parameter/twinkle_speed_min = 0.5
shader_parameter/twinkle_speed_max = 4.0
shader_parameter/twinkle_intensity = 0.71
shader_parameter/twinkle_scale = 3.3
shader_parameter/star_size_min = 0.02
shader_parameter/star_size_max = 0.07

[sub_resource type="Curve" id="Curve_1u8w0"]
_limits = [-2.0, 2.0, 0.0, 1.0]
_data = [Vector2(0, 0), 0.0, 0.0, 0, 0, Vector2(1, 0), 0.0, 0.0, 0, 0]
point_count = 2

[sub_resource type="Curve" id="Curve_0odxb"]
_limits = [-2.0, 2.0, 0.0, 1.0]
_data = [Vector2(0, 0), 0.0, 0.0, 0, 0, Vector2(1, 0), 0.0, 0.0, 0, 0]
point_count = 2

[sub_resource type="Curve" id="Curve_lswn8"]
_limits = [-2.0, 2.0, 0.0, 1.0]
_data = [Vector2(0, 0), 0.0, 0.0, 0, 0, Vector2(1, 1), 0.0, 0.0, 0, 0]
point_count = 2

[sub_resource type="CurveXYZTexture" id="CurveXYZTexture_a6jrf"]
curve_x = SubResource("Curve_1u8w0")
curve_y = SubResource("Curve_0odxb")
curve_z = SubResource("Curve_lswn8")

[sub_resource type="ParticleProcessMaterial" id="ParticleProcessMaterial_d13ii"]
emission_shape = 6
emission_ring_axis = Vector3(0, 0, 1)
emission_ring_height = 1.0
emission_ring_radius = 25.0
emission_ring_inner_radius = 24.0
emission_ring_cone_angle = 90.0
angle_min = 1.07288e-05
angle_max = 320.0
orbit_velocity_min = 9.49949e-08
orbit_velocity_max = 2.0
orbit_velocity_curve = SubResource("CurveXYZTexture_a6jrf")
gravity = Vector3(0, 0, 0)
attractor_interaction_enabled = false

[sub_resource type="ORMMaterial3D" id="ORMMaterial3D_0odxb"]
transparency = 1
shading_mode = 0
albedo_color = Color(9.92697e-08, 0.128863, 0.129729, 1)
albedo_texture = ExtResource("9_1u8w0")
billboard_mode = 3
particles_anim_h_frames = 1
particles_anim_v_frames = 1
particles_anim_loop = false

[sub_resource type="PlaneMesh" id="PlaneMesh_lswn8"]
material = SubResource("ORMMaterial3D_0odxb")
size = Vector2(1, 1)
orientation = 2

[sub_resource type="StandardMaterial3D" id="StandardMaterial3D_xuqvo"]
transparency = 1
shading_mode = 0
albedo_color = Color(1, 1, 0, 0.109804)

[node name="main_game" type="Node3D" groups=["game_controller"]]
script = ExtResource("1_1bvp3")

[node name="Main Character" type="RigidBody3D" parent="." groups=["player_node"]]
transform = Transform3D(1, 0, 0, 0, -4.37114e-08, 1, 0, -1, -4.37114e-08, 0, 0, 0)
collision_layer = 9
axis_lock_linear_y = true
axis_lock_angular_z = true
physics_material_override = SubResource("PhysicsMaterial_rd3fw")
linear_damp = 1.0
script = ExtResource("2_82xsv")
initial_force_multiplier = 60.0
camera_distancing_step = 5.0
initial_gravity = 350

[node name="CollisionShape3D" type="CollisionShape3D" parent="Main Character"]
shape = SubResource("SphereShape3D_vrwos")

[node name="Rigid_Body_Gravity_Area" type="Area3D" parent="Main Character"]
disable_mode = 2
collision_mask = 2
gravity_space_override = 1
gravity_point = true
gravity_point_center = Vector3(0, 0, 0)
gravity_direction = Vector3(0, 0, 0)
gravity = 200.0

[node name="CollisionShape3D" type="CollisionShape3D" parent="Main Character/Rigid_Body_Gravity_Area"]
shape = SubResource("SphereShape3D_3ll2g")

[node name="Main_Player_Camera_ORTHO" type="Camera3D" parent="Main Character"]
transform = Transform3D(1, 0, 0, 0, 1, 0, 0, 0, 1, 0, 0, 23.5701)
projection = 1
current = true
size = 100.0
near = 0.001
far = 100000.0
script = ExtResource("3_getpj")
zoom_speed = 2.78
min_zoom = 10.0
max_zoom = 1000.0

[node name="Main_Player_Camera_PERSPECTIVE" type="Camera3D" parent="Main Character"]
transform = Transform3D(1, 0, 0, 0, 0.918895, -0.394503, 0, 0.394503, 0.918895, 0, -10.3348, 28.6815)
visible = false
fov = 121.5
size = 200.0
near = 0.001

[node name="Blackhole Animated Sprite" parent="Main Character" instance=ExtResource("4_d13ii")]

[node name="DebugVelocityLine" type="Node3D" parent="Main Character"]
script = ExtResource("8_lswn8")

[node name="GPUParticlesAttractorSphere3D" type="GPUParticlesAttractorSphere3D" parent="Main Character"]
strength = 1000.0
radius = 41.7369

[node name="GPUParticlesCollisionSphere3D" type="GPUParticlesCollisionSphere3D" parent="Main Character"]
radius = 2.85456

[node name="bg_scales_to_max_camera_size" type="MeshInstance3D" parent="Main Character"]
transform = Transform3D(-33.2687, 0, 0, 0, 45.6589, 0, 0, 0, 0.500001, 0, 0.000276624, -4323.18)
mesh = SubResource("PlaneMesh_ttpe4")
skeleton = NodePath("../Main_Player_Camera_PERSPECTIVE")
surface_material_override/0 = SubResource("ShaderMaterial_43eny")

[node name="Passive_Mass_Timer" type="Timer" parent="Main Character"]
autostart = true

[node name="GPUParticles3D" type="GPUParticles3D" parent="Main Character"]
transform = Transform3D(1.575, 0, 0, 0, 1.575, 0, 0, 0, 1.575, 0, 0, 0)
visible = false
amount = 45
lifetime = 3.14
local_coords = true
process_material = SubResource("ParticleProcessMaterial_d13ii")
draw_pass_1 = SubResource("PlaneMesh_lswn8")
script = ExtResource("10_0odxb")

[node name="DirectionalLight3D" type="DirectionalLight3D" parent="."]
transform = Transform3D(1, 0, 0, 0, 1, 0, 0, 0, 1, 0, 210.562, 0.722661)

[node name="GameHUD" type="Control" parent="."]
layout_mode = 3
anchors_preset = 15
anchor_right = 1.0
anchor_bottom = 1.0
grow_horizontal = 2
grow_vertical = 2

[node name="Currency Label" type="Label" parent="GameHUD"]
layout_mode = 0
offset_left = 11.0
offset_top = 12.0
offset_right = 159.0
offset_bottom = 113.0
theme_override_colors/font_color = Color(0, 0, 0, 1)
text = "MASS CONSUMED: 
[a] 999 kg
[b] 0 kg
[c] 0 kg"

[node name="ShopUI" parent="." instance=ExtResource("5_lquwl")]
anchors_preset = -1
offset_left = 100.0
offset_top = 75.0
offset_right = -100.0
offset_bottom = -75.0

[node name="Object Spawn Util" type="Node" parent="." groups=["object_spawn_util"]]
script = ExtResource("6_272bh")
global_settings = ExtResource("7_272bh")
asteroid_sm_override_size = true
asteroid_sm_overrides = ExtResource("7_dg77c")
asteroid_lg_override_size = true
asteroid_lg_overrides = ExtResource("8_ycdy4")
planet_sm_override_size = true
planet_sm_overrides = ExtResource("9_w48qg")
planet_lg_override_size = true
planet_lg_overrides = ExtResource("10_vivmo")
star_sm_override_size = true
star_sm_overrides = ExtResource("11_2cqfq")
star_lg_override_size = true
star_lg_overrides = ExtResource("12_yaehf")

[node name="BG_AREA_paper_circle" type="Node3D" parent="."]
transform = Transform3D(2.5, 0, 0, 0, 1, 0, 0, 0, 2.5, 0, -87.7073, 0)

[node name="paper_sprites" type="Node3D" parent="BG_AREA_paper_circle"]
script = ExtResource("18_a6jrf")

[node name="PaperTexture5" type="Sprite3D" parent="BG_AREA_paper_circle/paper_sprites"]
transform = Transform3D(1, 0, 0, 0, 1, 0, 0, 0, 1, -10.3121, -0.100006, 1.30339)
pixel_size = 0.05
axis = 1
texture = ExtResource("19_xuqvo")

[node name="PaperTexture6" type="Sprite3D" parent="BG_AREA_paper_circle/paper_sprites"]
transform = Transform3D(0.874983, 0, -0.484153, 0, 1, 0, 0.484153, 0, 0.874983, -67.8138, -0.0999985, 93.2505)
pixel_size = 0.05
axis = 1
texture = ExtResource("19_xuqvo")

[node name="PaperTexture7" type="Sprite3D" parent="BG_AREA_paper_circle/paper_sprites"]
transform = Transform3D(0.905376, 0, 0.42461, 0, 1, 0, -0.42461, 0, 0.905376, 36.8018, -0.0999985, 93.2505)
pixel_size = 0.05
axis = 1
texture = ExtResource("19_xuqvo")

[node name="PaperTexture8" type="Sprite3D" parent="BG_AREA_paper_circle/paper_sprites"]
transform = Transform3D(0.140434, 0, 0.990089, 0, 1, 0, -0.990089, 0, 0.140434, 100.129, -0.0999985, 1.8204)
pixel_size = 0.05
axis = 1
texture = ExtResource("19_xuqvo")

[node name="PaperTexture9" type="Sprite3D" parent="BG_AREA_paper_circle/paper_sprites"]
transform = Transform3D(-0.0580694, 0, 0.998312, 0, 1, 0, -0.998312, 0, -0.0580694, -119.982, -0.0999985, -39.2625)
pixel_size = 0.05
axis = 1
texture = ExtResource("19_xuqvo")

[node name="PaperTexture10" type="Sprite3D" parent="BG_AREA_paper_circle/paper_sprites"]
transform = Transform3D(0.989264, 0, 0.146135, 0, 1, 0, -0.146135, 0, 0.989264, -13.1347, -0.0999985, -97.2893)
pixel_size = 0.05
axis = 1
texture = ExtResource("19_xuqvo")

[node name="PaperTexture11" type="Sprite3D" parent="BG_AREA_paper_circle/paper_sprites"]
transform = Transform3D(-0.081382, 0, 0.996682, 0, 1, 0, -0.996682, 0, -0.081382, 197.434, -0.0999985, -19.1981)
pixel_size = 0.05
axis = 1
texture = ExtResource("19_xuqvo")

[node name="PaperTexture12" type="Sprite3D" parent="BG_AREA_paper_circle/paper_sprites"]
transform = Transform3D(0.898342, 0, -0.439296, 0, 1, 0, 0.439296, 0, 0.898342, 110.431, -0.0999985, -111.279)
pixel_size = 0.05
axis = 1
texture = ExtResource("19_xuqvo")

[node name="PaperTexture13" type="Sprite3D" parent="BG_AREA_paper_circle/paper_sprites"]
transform = Transform3D(0.845848, 0, 0.533422, 0, 1, 0, -0.533422, 0, 0.845848, -106.23, -0.0999985, -155.627)
pixel_size = 0.05
axis = 1
texture = ExtResource("19_xuqvo")

[node name="PaperTexture14" type="Sprite3D" parent="BG_AREA_paper_circle/paper_sprites"]
transform = Transform3D(-0.244072, 0, -0.969756, 0, 1, 0, 0.969756, 0, -0.244072, -209.482, -0.0999985, -109.925)
pixel_size = 0.05
axis = 1
texture = ExtResource("19_xuqvo")

[node name="PaperTexture15" type="Sprite3D" parent="BG_AREA_paper_circle/paper_sprites"]
transform = Transform3D(0.404854, 0, -0.91438, 0, 1, 0, 0.91438, 0, 0.404854, -190.863, -0.0999985, 16.3479)
pixel_size = 0.05
axis = 1
texture = ExtResource("19_xuqvo")

[node name="PaperTexture16" type="Sprite3D" parent="BG_AREA_paper_circle/paper_sprites"]
transform = Transform3D(-0.939075, 0, 0.343708, 0, 1, 0, -0.343708, 0, -0.939075, -174.275, -0.0999985, 119.6)
pixel_size = 0.05
axis = 1
texture = ExtResource("19_xuqvo")

[node name="PaperTexture17" type="Sprite3D" parent="BG_AREA_paper_circle/paper_sprites"]
transform = Transform3D(-0.950287, 0, -0.311373, 0, 1, 0, 0.311373, 0, -0.950287, -37.1692, -0.0999985, 173.427)
pixel_size = 0.05
axis = 1
texture = ExtResource("19_xuqvo")

[node name="PaperTexture18" type="Sprite3D" parent="BG_AREA_paper_circle/paper_sprites"]
transform = Transform3D(-0.941252, 0, 0.337703, 0, 1, 0, -0.337703, 0, -0.941252, 154.779, -0.0999985, 72.2057)
pixel_size = 0.05
axis = 1
texture = ExtResource("19_xuqvo")

[node name="PaperTexture19" type="Sprite3D" parent="BG_AREA_paper_circle/paper_sprites"]
transform = Transform3D(-0.941252, 0, 0.337703, 0, 1, 0, -0.337703, 0, -0.941252, 99.2594, -0.0999985, 152.099)
pixel_size = 0.05
axis = 1
texture = ExtResource("19_xuqvo")

[node name="PaperTexture20" type="Sprite3D" parent="BG_AREA_paper_circle/paper_sprites"]
transform = Transform3D(1, 0, 0, 0, 1, 0, 0, 0, 1, -10.3121, -0.100006, 290.803)
pixel_size = 0.05
axis = 1
texture = ExtResource("19_xuqvo")

[node name="PaperTexture21" type="Sprite3D" parent="BG_AREA_paper_circle/paper_sprites"]
transform = Transform3D(0.874983, 0, -0.484153, 0, 1, 0, 0.484153, 0, 0.874983, -67.8138, -0.100006, 382.75)
pixel_size = 0.05
axis = 1
texture = ExtResource("19_xuqvo")

[node name="PaperTexture22" type="Sprite3D" parent="BG_AREA_paper_circle/paper_sprites"]
transform = Transform3D(0.905376, 0, 0.42461, 0, 1, 0, -0.42461, 0, 0.905376, 36.8018, -0.100006, 382.75)
pixel_size = 0.05
axis = 1
texture = ExtResource("19_xuqvo")

[node name="PaperTexture23" type="Sprite3D" parent="BG_AREA_paper_circle/paper_sprites"]
transform = Transform3D(0.140434, 0, 0.990089, 0, 1, 0, -0.990089, 0, 0.140434, 100.129, -0.100006, 291.32)
pixel_size = 0.05
axis = 1
texture = ExtResource("19_xuqvo")

[node name="PaperTexture24" type="Sprite3D" parent="BG_AREA_paper_circle/paper_sprites"]
transform = Transform3D(-0.0580694, 0, 0.998312, 0, 1, 0, -0.998312, 0, -0.0580694, -119.982, -0.100006, 250.237)
pixel_size = 0.05
axis = 1
texture = ExtResource("19_xuqvo")

[node name="PaperTexture25" type="Sprite3D" parent="BG_AREA_paper_circle/paper_sprites"]
transform = Transform3D(0.989264, 0, 0.146135, 0, 1, 0, -0.146135, 0, 0.989264, -13.1347, -0.100006, 192.21)
pixel_size = 0.05
axis = 1
texture = ExtResource("19_xuqvo")

[node name="PaperTexture26" type="Sprite3D" parent="BG_AREA_paper_circle/paper_sprites"]
transform = Transform3D(-0.081382, 0, 0.996682, 0, 1, 0, -0.996682, 0, -0.081382, 197.434, -0.100006, 270.301)
pixel_size = 0.05
axis = 1
texture = ExtResource("19_xuqvo")

[node name="PaperTexture27" type="Sprite3D" parent="BG_AREA_paper_circle/paper_sprites"]
transform = Transform3D(0.898342, 0, -0.439296, 0, 1, 0, 0.439296, 0, 0.898342, 110.431, -0.100006, 178.22)
pixel_size = 0.05
axis = 1
texture = ExtResource("19_xuqvo")

[node name="PaperTexture28" type="Sprite3D" parent="BG_AREA_paper_circle/paper_sprites"]
transform = Transform3D(0.845848, 0, 0.533422, 0, 1, 0, -0.533422, 0, 0.845848, -106.23, -0.100006, 133.872)
pixel_size = 0.05
axis = 1
texture = ExtResource("19_xuqvo")

[node name="PaperTexture29" type="Sprite3D" parent="BG_AREA_paper_circle/paper_sprites"]
transform = Transform3D(-0.244072, 0, -0.969756, 0, 1, 0, 0.969756, 0, -0.244072, -209.482, -0.100006, 179.574)
pixel_size = 0.05
axis = 1
texture = ExtResource("19_xuqvo")

[node name="PaperTexture30" type="Sprite3D" parent="BG_AREA_paper_circle/paper_sprites"]
transform = Transform3D(0.404854, 0, -0.91438, 0, 1, 0, 0.91438, 0, 0.404854, -190.863, -0.100006, 305.847)
pixel_size = 0.05
axis = 1
texture = ExtResource("19_xuqvo")

[node name="PaperTexture31" type="Sprite3D" parent="BG_AREA_paper_circle/paper_sprites"]
transform = Transform3D(-0.939075, 0, 0.343708, 0, 1, 0, -0.343708, 0, -0.939075, -174.275, -0.100006, 409.099)
pixel_size = 0.05
axis = 1
texture = ExtResource("19_xuqvo")

[node name="PaperTexture32" type="Sprite3D" parent="BG_AREA_paper_circle/paper_sprites"]
transform = Transform3D(-0.950287, 0, -0.311373, 0, 1, 0, 0.311373, 0, -0.950287, -37.1692, -0.100006, 462.926)
pixel_size = 0.05
axis = 1
texture = ExtResource("19_xuqvo")

[node name="PaperTexture33" type="Sprite3D" parent="BG_AREA_paper_circle/paper_sprites"]
transform = Transform3D(-0.941252, 0, 0.337703, 0, 1, 0, -0.337703, 0, -0.941252, 154.779, -0.100006, 361.705)
pixel_size = 0.05
axis = 1
texture = ExtResource("19_xuqvo")

[node name="PaperTexture34" type="Sprite3D" parent="BG_AREA_paper_circle/paper_sprites"]
transform = Transform3D(-0.941252, 0, 0.337703, 0, 1, 0, -0.337703, 0, -0.941252, 99.2594, -0.100006, 441.598)
pixel_size = 0.05
axis = 1
texture = ExtResource("19_xuqvo")

[node name="PaperTexture35" type="Sprite3D" parent="BG_AREA_paper_circle/paper_sprites"]
transform = Transform3D(1, 0, 0, 0, 1, 0, 0, 0, 1, 324.517, -0.100006, 1.30339)
pixel_size = 0.05
axis = 1
texture = ExtResource("19_xuqvo")

[node name="PaperTexture36" type="Sprite3D" parent="BG_AREA_paper_circle/paper_sprites"]
transform = Transform3D(0.874983, 0, -0.484153, 0, 1, 0, 0.484153, 0, 0.874983, 267.016, -0.100006, 93.2505)
pixel_size = 0.05
axis = 1
texture = ExtResource("19_xuqvo")

[node name="PaperTexture37" type="Sprite3D" parent="BG_AREA_paper_circle/paper_sprites"]
transform = Transform3D(0.905376, 0, 0.42461, 0, 1, 0, -0.42461, 0, 0.905376, 371.631, -0.100006, 93.2505)
pixel_size = 0.05
axis = 1
texture = ExtResource("19_xuqvo")

[node name="PaperTexture38" type="Sprite3D" parent="BG_AREA_paper_circle/paper_sprites"]
transform = Transform3D(0.140434, 0, 0.990089, 0, 1, 0, -0.990089, 0, 0.140434, 434.959, -0.100006, 1.8204)
pixel_size = 0.05
axis = 1
texture = ExtResource("19_xuqvo")

[node name="PaperTexture39" type="Sprite3D" parent="BG_AREA_paper_circle/paper_sprites"]
transform = Transform3D(-0.0580694, 0, 0.998312, 0, 1, 0, -0.998312, 0, -0.0580694, 214.848, -0.100006, -39.2625)
pixel_size = 0.05
axis = 1
texture = ExtResource("19_xuqvo")

[node name="PaperTexture40" type="Sprite3D" parent="BG_AREA_paper_circle/paper_sprites"]
transform = Transform3D(0.989264, 0, 0.146135, 0, 1, 0, -0.146135, 0, 0.989264, 321.695, -0.100006, -97.2893)
pixel_size = 0.05
axis = 1
texture = ExtResource("19_xuqvo")

[node name="PaperTexture41" type="Sprite3D" parent="BG_AREA_paper_circle/paper_sprites"]
transform = Transform3D(-0.081382, 0, 0.996682, 0, 1, 0, -0.996682, 0, -0.081382, 532.264, -0.100006, -19.1981)
pixel_size = 0.05
axis = 1
texture = ExtResource("19_xuqvo")

[node name="PaperTexture42" type="Sprite3D" parent="BG_AREA_paper_circle/paper_sprites"]
transform = Transform3D(0.898342, 0, -0.439296, 0, 1, 0, 0.439296, 0, 0.898342, 445.261, -0.100006, -111.279)
pixel_size = 0.05
axis = 1
texture = ExtResource("19_xuqvo")

[node name="PaperTexture43" type="Sprite3D" parent="BG_AREA_paper_circle/paper_sprites"]
transform = Transform3D(0.845848, 0, 0.533422, 0, 1, 0, -0.533422, 0, 0.845848, 228.6, -0.100006, -155.627)
pixel_size = 0.05
axis = 1
texture = ExtResource("19_xuqvo")

[node name="PaperTexture44" type="Sprite3D" parent="BG_AREA_paper_circle/paper_sprites"]
transform = Transform3D(-0.244072, 0, -0.969756, 0, 1, 0, 0.969756, 0, -0.244072, 125.348, -0.100006, -109.925)
pixel_size = 0.05
axis = 1
texture = ExtResource("19_xuqvo")

[node name="PaperTexture45" type="Sprite3D" parent="BG_AREA_paper_circle/paper_sprites"]
transform = Transform3D(0.404854, 0, -0.91438, 0, 1, 0, 0.91438, 0, 0.404854, 143.967, -0.100006, 16.3479)
pixel_size = 0.05
axis = 1
texture = ExtResource("19_xuqvo")

[node name="PaperTexture46" type="Sprite3D" parent="BG_AREA_paper_circle/paper_sprites"]
transform = Transform3D(-0.939075, 0, 0.343708, 0, 1, 0, -0.343708, 0, -0.939075, 160.555, -0.100006, 119.6)
pixel_size = 0.05
axis = 1
texture = ExtResource("19_xuqvo")

[node name="PaperTexture47" type="Sprite3D" parent="BG_AREA_paper_circle/paper_sprites"]
transform = Transform3D(-0.950287, 0, -0.311373, 0, 1, 0, 0.311373, 0, -0.950287, 297.66, -0.100006, 173.427)
pixel_size = 0.05
axis = 1
texture = ExtResource("19_xuqvo")

[node name="PaperTexture48" type="Sprite3D" parent="BG_AREA_paper_circle/paper_sprites"]
transform = Transform3D(-0.941252, 0, 0.337703, 0, 1, 0, -0.337703, 0, -0.941252, 489.609, -0.100006, 72.2057)
pixel_size = 0.05
axis = 1
texture = ExtResource("19_xuqvo")

[node name="PaperTexture49" type="Sprite3D" parent="BG_AREA_paper_circle/paper_sprites"]
transform = Transform3D(-0.941252, 0, 0.337703, 0, 1, 0, -0.337703, 0, -0.941252, 434.089, -0.100006, 152.099)
pixel_size = 0.05
axis = 1
texture = ExtResource("19_xuqvo")

[node name="PaperTexture50" type="Sprite3D" parent="BG_AREA_paper_circle/paper_sprites"]
transform = Transform3D(1, 0, 0, 0, 1, 0, 0, 0, 1, -377.693, -0.100006, 1.30339)
pixel_size = 0.05
axis = 1
texture = ExtResource("19_xuqvo")

[node name="PaperTexture51" type="Sprite3D" parent="BG_AREA_paper_circle/paper_sprites"]
transform = Transform3D(0.874983, 0, -0.484153, 0, 1, 0, 0.484153, 0, 0.874983, -435.195, -0.100006, 93.2505)
pixel_size = 0.05
axis = 1
texture = ExtResource("19_xuqvo")

[node name="PaperTexture52" type="Sprite3D" parent="BG_AREA_paper_circle/paper_sprites"]
transform = Transform3D(0.905376, 0, 0.42461, 0, 1, 0, -0.42461, 0, 0.905376, -330.579, -0.100006, 93.2505)
pixel_size = 0.05
axis = 1
texture = ExtResource("19_xuqvo")

[node name="PaperTexture53" type="Sprite3D" parent="BG_AREA_paper_circle/paper_sprites"]
transform = Transform3D(0.140434, 0, 0.990089, 0, 1, 0, -0.990089, 0, 0.140434, -267.252, -0.100006, 1.8204)
pixel_size = 0.05
axis = 1
texture = ExtResource("19_xuqvo")

[node name="PaperTexture54" type="Sprite3D" parent="BG_AREA_paper_circle/paper_sprites"]
transform = Transform3D(-0.0580694, 0, 0.998312, 0, 1, 0, -0.998312, 0, -0.0580694, -487.363, -0.100006, -39.2625)
pixel_size = 0.05
axis = 1
texture = ExtResource("19_xuqvo")

[node name="PaperTexture55" type="Sprite3D" parent="BG_AREA_paper_circle/paper_sprites"]
transform = Transform3D(0.989264, 0, 0.146135, 0, 1, 0, -0.146135, 0, 0.989264, -380.516, -0.100006, -97.2893)
pixel_size = 0.05
axis = 1
texture = ExtResource("19_xuqvo")

[node name="PaperTexture56" type="Sprite3D" parent="BG_AREA_paper_circle/paper_sprites"]
transform = Transform3D(-0.081382, 0, 0.996682, 0, 1, 0, -0.996682, 0, -0.081382, -169.947, -0.100006, -19.1981)
pixel_size = 0.05
axis = 1
texture = ExtResource("19_xuqvo")

[node name="PaperTexture57" type="Sprite3D" parent="BG_AREA_paper_circle/paper_sprites"]
transform = Transform3D(0.898342, 0, -0.439296, 0, 1, 0, 0.439296, 0, 0.898342, -256.95, -0.100006, -111.279)
pixel_size = 0.05
axis = 1
texture = ExtResource("19_xuqvo")

[node name="PaperTexture58" type="Sprite3D" parent="BG_AREA_paper_circle/paper_sprites"]
transform = Transform3D(0.845848, 0, 0.533422, 0, 1, 0, -0.533422, 0, 0.845848, -473.611, -0.100006, -155.627)
pixel_size = 0.05
axis = 1
texture = ExtResource("19_xuqvo")

[node name="PaperTexture59" type="Sprite3D" parent="BG_AREA_paper_circle/paper_sprites"]
transform = Transform3D(-0.244072, 0, -0.969756, 0, 1, 0, 0.969756, 0, -0.244072, -576.863, -0.100006, -109.925)
pixel_size = 0.05
axis = 1
texture = ExtResource("19_xuqvo")

[node name="PaperTexture60" type="Sprite3D" parent="BG_AREA_paper_circle/paper_sprites"]
transform = Transform3D(0.404854, 0, -0.91438, 0, 1, 0, 0.91438, 0, 0.404854, -558.244, -0.100006, 16.3479)
pixel_size = 0.05
axis = 1
texture = ExtResource("19_xuqvo")

[node name="PaperTexture61" type="Sprite3D" parent="BG_AREA_paper_circle/paper_sprites"]
transform = Transform3D(-0.939075, 0, 0.343708, 0, 1, 0, -0.343708, 0, -0.939075, -541.656, -0.100006, 119.6)
pixel_size = 0.05
axis = 1
texture = ExtResource("19_xuqvo")

[node name="PaperTexture62" type="Sprite3D" parent="BG_AREA_paper_circle/paper_sprites"]
transform = Transform3D(-0.950287, 0, -0.311373, 0, 1, 0, 0.311373, 0, -0.950287, -404.55, -0.100006, 173.427)
pixel_size = 0.05
axis = 1
texture = ExtResource("19_xuqvo")

[node name="PaperTexture63" type="Sprite3D" parent="BG_AREA_paper_circle/paper_sprites"]
transform = Transform3D(-0.941252, 0, 0.337703, 0, 1, 0, -0.337703, 0, -0.941252, -212.602, -0.100006, 72.2057)
pixel_size = 0.05
axis = 1
texture = ExtResource("19_xuqvo")

[node name="PaperTexture64" type="Sprite3D" parent="BG_AREA_paper_circle/paper_sprites"]
transform = Transform3D(-0.941252, 0, 0.337703, 0, 1, 0, -0.337703, 0, -0.941252, -268.122, -0.100006, 152.099)
pixel_size = 0.05
axis = 1
texture = ExtResource("19_xuqvo")

[node name="PaperTexture65" type="Sprite3D" parent="BG_AREA_paper_circle/paper_sprites"]
transform = Transform3D(1, 0, 0, 0, 1, 0, 0, 0, 1, -10.3121, -0.100006, -258.077)
pixel_size = 0.05
axis = 1
texture = ExtResource("19_xuqvo")

[node name="PaperTexture66" type="Sprite3D" parent="BG_AREA_paper_circle/paper_sprites"]
transform = Transform3D(0.874983, 0, -0.484153, 0, 1, 0, 0.484153, 0, 0.874983, -67.8138, -0.100006, -166.13)
pixel_size = 0.05
axis = 1
texture = ExtResource("19_xuqvo")

[node name="PaperTexture67" type="Sprite3D" parent="BG_AREA_paper_circle/paper_sprites"]
transform = Transform3D(0.905376, 0, 0.42461, 0, 1, 0, -0.42461, 0, 0.905376, 36.8018, -0.100006, -166.13)
pixel_size = 0.05
axis = 1
texture = ExtResource("19_xuqvo")

[node name="PaperTexture68" type="Sprite3D" parent="BG_AREA_paper_circle/paper_sprites"]
transform = Transform3D(0.140434, 0, 0.990089, 0, 1, 0, -0.990089, 0, 0.140434, 100.129, -0.100006, -257.56)
pixel_size = 0.05
axis = 1
texture = ExtResource("19_xuqvo")

[node name="PaperTexture69" type="Sprite3D" parent="BG_AREA_paper_circle/paper_sprites"]
transform = Transform3D(-0.0580694, 0, 0.998312, 0, 1, 0, -0.998312, 0, -0.0580694, -119.982, -0.100006, -298.643)
pixel_size = 0.05
axis = 1
texture = ExtResource("19_xuqvo")

[node name="PaperTexture70" type="Sprite3D" parent="BG_AREA_paper_circle/paper_sprites"]
transform = Transform3D(0.989264, 0, 0.146135, 0, 1, 0, -0.146135, 0, 0.989264, -13.1347, -0.100006, -356.669)
pixel_size = 0.05
axis = 1
texture = ExtResource("19_xuqvo")

[node name="PaperTexture71" type="Sprite3D" parent="BG_AREA_paper_circle/paper_sprites"]
transform = Transform3D(-0.081382, 0, 0.996682, 0, 1, 0, -0.996682, 0, -0.081382, 197.434, -0.100006, -278.578)
pixel_size = 0.05
axis = 1
texture = ExtResource("19_xuqvo")

[node name="PaperTexture72" type="Sprite3D" parent="BG_AREA_paper_circle/paper_sprites"]
transform = Transform3D(0.898342, 0, -0.439296, 0, 1, 0, 0.439296, 0, 0.898342, 110.431, -0.100006, -370.659)
pixel_size = 0.05
axis = 1
texture = ExtResource("19_xuqvo")

[node name="PaperTexture73" type="Sprite3D" parent="BG_AREA_paper_circle/paper_sprites"]
transform = Transform3D(0.845848, 0, 0.533422, 0, 1, 0, -0.533422, 0, 0.845848, -106.23, -0.100006, -415.007)
pixel_size = 0.05
axis = 1
texture = ExtResource("19_xuqvo")

[node name="PaperTexture74" type="Sprite3D" parent="BG_AREA_paper_circle/paper_sprites"]
transform = Transform3D(-0.244072, 0, -0.969756, 0, 1, 0, 0.969756, 0, -0.244072, -209.482, -0.100006, -369.305)
pixel_size = 0.05
axis = 1
texture = ExtResource("19_xuqvo")

[node name="PaperTexture75" type="Sprite3D" parent="BG_AREA_paper_circle/paper_sprites"]
transform = Transform3D(0.404854, 0, -0.91438, 0, 1, 0, 0.91438, 0, 0.404854, -190.863, -0.100006, -243.032)
pixel_size = 0.05
axis = 1
texture = ExtResource("19_xuqvo")

[node name="PaperTexture76" type="Sprite3D" parent="BG_AREA_paper_circle/paper_sprites"]
transform = Transform3D(-0.939075, 0, 0.343708, 0, 1, 0, -0.343708, 0, -0.939075, -174.275, -0.100006, -139.78)
pixel_size = 0.05
axis = 1
texture = ExtResource("19_xuqvo")

[node name="PaperTexture77" type="Sprite3D" parent="BG_AREA_paper_circle/paper_sprites"]
transform = Transform3D(-0.950287, 0, -0.311373, 0, 1, 0, 0.311373, 0, -0.950287, -37.1692, -0.100006, -85.9531)
pixel_size = 0.05
axis = 1
texture = ExtResource("19_xuqvo")

[node name="PaperTexture78" type="Sprite3D" parent="BG_AREA_paper_circle/paper_sprites"]
transform = Transform3D(-0.941252, 0, 0.337703, 0, 1, 0, -0.337703, 0, -0.941252, 154.779, -0.100006, -187.174)
pixel_size = 0.05
axis = 1
texture = ExtResource("19_xuqvo")

[node name="PaperTexture79" type="Sprite3D" parent="BG_AREA_paper_circle/paper_sprites"]
transform = Transform3D(-0.941252, 0, 0.337703, 0, 1, 0, -0.337703, 0, -0.941252, 99.2594, -0.100006, -107.281)
pixel_size = 0.05
axis = 1
texture = ExtResource("19_xuqvo")

[node name="PaperTexture80" type="Sprite3D" parent="BG_AREA_paper_circle/paper_sprites"]
transform = Transform3D(1, 0, 0, 0, 1, 0, 0, 0, 1, -511.397, -0.100006, -494.669)
pixel_size = 0.05
axis = 1
texture = ExtResource("19_xuqvo")

[node name="PaperTexture81" type="Sprite3D" parent="BG_AREA_paper_circle/paper_sprites"]
transform = Transform3D(0.874983, 0, -0.484153, 0, 1, 0, 0.484153, 0, 0.874983, -568.899, -0.0999985, -402.721)
pixel_size = 0.05
axis = 1
texture = ExtResource("19_xuqvo")

[node name="PaperTexture82" type="Sprite3D" parent="BG_AREA_paper_circle/paper_sprites"]
transform = Transform3D(0.905376, 0, 0.42461, 0, 1, 0, -0.42461, 0, 0.905376, -464.283, -0.0999985, -402.721)
pixel_size = 0.05
axis = 1
texture = ExtResource("19_xuqvo")

[node name="PaperTexture83" type="Sprite3D" parent="BG_AREA_paper_circle/paper_sprites"]
transform = Transform3D(0.140434, 0, 0.990089, 0, 1, 0, -0.990089, 0, 0.140434, -400.956, -0.0999985, -494.152)
pixel_size = 0.05
axis = 1
texture = ExtResource("19_xuqvo")

[node name="PaperTexture84" type="Sprite3D" parent="BG_AREA_paper_circle/paper_sprites"]
transform = Transform3D(-0.0580694, 0, 0.998312, 0, 1, 0, -0.998312, 0, -0.0580694, -621.067, -0.0999985, -535.235)
pixel_size = 0.05
axis = 1
texture = ExtResource("19_xuqvo")

[node name="PaperTexture85" type="Sprite3D" parent="BG_AREA_paper_circle/paper_sprites"]
transform = Transform3D(0.989264, 0, 0.146135, 0, 1, 0, -0.146135, 0, 0.989264, -514.22, -0.0999985, -593.261)
pixel_size = 0.05
axis = 1
texture = ExtResource("19_xuqvo")

[node name="PaperTexture86" type="Sprite3D" parent="BG_AREA_paper_circle/paper_sprites"]
transform = Transform3D(-0.081382, 0, 0.996682, 0, 1, 0, -0.996682, 0, -0.081382, -303.651, -0.0999985, -515.17)
pixel_size = 0.05
axis = 1
texture = ExtResource("19_xuqvo")

[node name="PaperTexture87" type="Sprite3D" parent="BG_AREA_paper_circle/paper_sprites"]
transform = Transform3D(0.898342, 0, -0.439296, 0, 1, 0, 0.439296, 0, 0.898342, -390.654, -0.0999985, -607.251)
pixel_size = 0.05
axis = 1
texture = ExtResource("19_xuqvo")

[node name="PaperTexture88" type="Sprite3D" parent="BG_AREA_paper_circle/paper_sprites"]
transform = Transform3D(0.845848, 0, 0.533422, 0, 1, 0, -0.533422, 0, 0.845848, -607.315, -0.0999985, -651.599)
pixel_size = 0.05
axis = 1
texture = ExtResource("19_xuqvo")

[node name="PaperTexture89" type="Sprite3D" parent="BG_AREA_paper_circle/paper_sprites"]
transform = Transform3D(-0.244072, 0, -0.969756, 0, 1, 0, 0.969756, 0, -0.244072, -710.567, -0.0999985, -605.897)
pixel_size = 0.05
axis = 1
texture = ExtResource("19_xuqvo")

[node name="PaperTexture90" type="Sprite3D" parent="BG_AREA_paper_circle/paper_sprites"]
transform = Transform3D(0.404854, 0, -0.91438, 0, 1, 0, 0.91438, 0, 0.404854, -691.948, -0.0999985, -479.624)
pixel_size = 0.05
axis = 1
texture = ExtResource("19_xuqvo")

[node name="PaperTexture91" type="Sprite3D" parent="BG_AREA_paper_circle/paper_sprites"]
transform = Transform3D(-0.939075, 0, 0.343708, 0, 1, 0, -0.343708, 0, -0.939075, -675.36, -0.0999985, -376.372)
pixel_size = 0.05
axis = 1
texture = ExtResource("19_xuqvo")

[node name="PaperTexture92" type="Sprite3D" parent="BG_AREA_paper_circle/paper_sprites"]
transform = Transform3D(-0.950287, 0, -0.311373, 0, 1, 0, 0.311373, 0, -0.950287, -538.254, -0.0999985, -322.545)
pixel_size = 0.05
axis = 1
texture = ExtResource("19_xuqvo")

[node name="PaperTexture93" type="Sprite3D" parent="BG_AREA_paper_circle/paper_sprites"]
transform = Transform3D(-0.941252, 0, 0.337703, 0, 1, 0, -0.337703, 0, -0.941252, -346.306, -0.0999985, -423.766)
pixel_size = 0.05
axis = 1
texture = ExtResource("19_xuqvo")

[node name="PaperTexture94" type="Sprite3D" parent="BG_AREA_paper_circle/paper_sprites"]
transform = Transform3D(-0.941252, 0, 0.337703, 0, 1, 0, -0.337703, 0, -0.941252, -401.826, -0.0999985, -343.873)
pixel_size = 0.05
axis = 1
texture = ExtResource("19_xuqvo")

[node name="PaperTexture95" type="Sprite3D" parent="BG_AREA_paper_circle/paper_sprites"]
transform = Transform3D(1, 0, 0, 0, 1, 0, 0, 0, 1, -511.397, -0.100006, -205.169)
pixel_size = 0.05
axis = 1
texture = ExtResource("19_xuqvo")

[node name="PaperTexture96" type="Sprite3D" parent="BG_AREA_paper_circle/paper_sprites"]
transform = Transform3D(0.874983, 0, -0.484153, 0, 1, 0, 0.484153, 0, 0.874983, -568.899, -0.100006, -113.222)
pixel_size = 0.05
axis = 1
texture = ExtResource("19_xuqvo")

[node name="PaperTexture97" type="Sprite3D" parent="BG_AREA_paper_circle/paper_sprites"]
transform = Transform3D(0.905376, 0, 0.42461, 0, 1, 0, -0.42461, 0, 0.905376, -464.283, -0.100006, -113.222)
pixel_size = 0.05
axis = 1
texture = ExtResource("19_xuqvo")

[node name="PaperTexture98" type="Sprite3D" parent="BG_AREA_paper_circle/paper_sprites"]
transform = Transform3D(0.140434, 0, 0.990089, 0, 1, 0, -0.990089, 0, 0.140434, -400.956, -0.100006, -204.652)
pixel_size = 0.05
axis = 1
texture = ExtResource("19_xuqvo")

[node name="PaperTexture99" type="Sprite3D" parent="BG_AREA_paper_circle/paper_sprites"]
transform = Transform3D(-0.0580694, 0, 0.998312, 0, 1, 0, -0.998312, 0, -0.0580694, -621.067, -0.100006, -245.735)
pixel_size = 0.05
axis = 1
texture = ExtResource("19_xuqvo")

[node name="PaperTexture100" type="Sprite3D" parent="BG_AREA_paper_circle/paper_sprites"]
transform = Transform3D(0.989264, 0, 0.146135, 0, 1, 0, -0.146135, 0, 0.989264, -514.22, -0.100006, -303.762)
pixel_size = 0.05
axis = 1
texture = ExtResource("19_xuqvo")

[node name="PaperTexture101" type="Sprite3D" parent="BG_AREA_paper_circle/paper_sprites"]
transform = Transform3D(-0.081382, 0, 0.996682, 0, 1, 0, -0.996682, 0, -0.081382, -303.651, -0.100006, -225.671)
pixel_size = 0.05
axis = 1
texture = ExtResource("19_xuqvo")

[node name="PaperTexture102" type="Sprite3D" parent="BG_AREA_paper_circle/paper_sprites"]
transform = Transform3D(0.898342, 0, -0.439296, 0, 1, 0, 0.439296, 0, 0.898342, -390.654, -0.100006, -317.752)
pixel_size = 0.05
axis = 1
texture = ExtResource("19_xuqvo")

[node name="PaperTexture103" type="Sprite3D" parent="BG_AREA_paper_circle/paper_sprites"]
transform = Transform3D(0.845848, 0, 0.533422, 0, 1, 0, -0.533422, 0, 0.845848, -607.315, -0.100006, -362.1)
pixel_size = 0.05
axis = 1
texture = ExtResource("19_xuqvo")

[node name="PaperTexture104" type="Sprite3D" parent="BG_AREA_paper_circle/paper_sprites"]
transform = Transform3D(-0.244072, 0, -0.969756, 0, 1, 0, 0.969756, 0, -0.244072, -710.567, -0.100006, -316.398)
pixel_size = 0.05
axis = 1
texture = ExtResource("19_xuqvo")

[node name="PaperTexture105" type="Sprite3D" parent="BG_AREA_paper_circle/paper_sprites"]
transform = Transform3D(0.404854, 0, -0.91438, 0, 1, 0, 0.91438, 0, 0.404854, -691.948, -0.100006, -190.125)
pixel_size = 0.05
axis = 1
texture = ExtResource("19_xuqvo")

[node name="PaperTexture106" type="Sprite3D" parent="BG_AREA_paper_circle/paper_sprites"]
transform = Transform3D(-0.939075, 0, 0.343708, 0, 1, 0, -0.343708, 0, -0.939075, -675.36, -0.100006, -86.8731)
pixel_size = 0.05
axis = 1
texture = ExtResource("19_xuqvo")

[node name="PaperTexture107" type="Sprite3D" parent="BG_AREA_paper_circle/paper_sprites"]
transform = Transform3D(-0.950287, 0, -0.311373, 0, 1, 0, 0.311373, 0, -0.950287, -538.254, -0.100006, -33.0461)
pixel_size = 0.05
axis = 1
texture = ExtResource("19_xuqvo")

[node name="PaperTexture108" type="Sprite3D" parent="BG_AREA_paper_circle/paper_sprites"]
transform = Transform3D(-0.941252, 0, 0.337703, 0, 1, 0, -0.337703, 0, -0.941252, -346.306, -0.100006, -134.267)
pixel_size = 0.05
axis = 1
texture = ExtResource("19_xuqvo")

[node name="PaperTexture109" type="Sprite3D" parent="BG_AREA_paper_circle/paper_sprites"]
transform = Transform3D(-0.941252, 0, 0.337703, 0, 1, 0, -0.337703, 0, -0.941252, -401.826, -0.100006, -54.3741)
pixel_size = 0.05
axis = 1
texture = ExtResource("19_xuqvo")

[node name="PaperTexture110" type="Sprite3D" parent="BG_AREA_paper_circle/paper_sprites"]
transform = Transform3D(1, 0, 0, 0, 1, 0, 0, 0, 1, -176.568, -0.100006, -494.669)
pixel_size = 0.05
axis = 1
texture = ExtResource("19_xuqvo")

[node name="PaperTexture111" type="Sprite3D" parent="BG_AREA_paper_circle/paper_sprites"]
transform = Transform3D(0.874983, 0, -0.484153, 0, 1, 0, 0.484153, 0, 0.874983, -234.069, -0.100006, -402.721)
pixel_size = 0.05
axis = 1
texture = ExtResource("19_xuqvo")

[node name="PaperTexture112" type="Sprite3D" parent="BG_AREA_paper_circle/paper_sprites"]
transform = Transform3D(0.905376, 0, 0.42461, 0, 1, 0, -0.42461, 0, 0.905376, -129.454, -0.100006, -402.721)
pixel_size = 0.05
axis = 1
texture = ExtResource("19_xuqvo")

[node name="PaperTexture113" type="Sprite3D" parent="BG_AREA_paper_circle/paper_sprites"]
transform = Transform3D(0.140434, 0, 0.990089, 0, 1, 0, -0.990089, 0, 0.140434, -66.1261, -0.100006, -494.152)
pixel_size = 0.05
axis = 1
texture = ExtResource("19_xuqvo")

[node name="PaperTexture114" type="Sprite3D" parent="BG_AREA_paper_circle/paper_sprites"]
transform = Transform3D(-0.0580694, 0, 0.998312, 0, 1, 0, -0.998312, 0, -0.0580694, -286.237, -0.100006, -535.235)
pixel_size = 0.05
axis = 1
texture = ExtResource("19_xuqvo")

[node name="PaperTexture115" type="Sprite3D" parent="BG_AREA_paper_circle/paper_sprites"]
transform = Transform3D(0.989264, 0, 0.146135, 0, 1, 0, -0.146135, 0, 0.989264, -179.39, -0.100006, -593.261)
pixel_size = 0.05
axis = 1
texture = ExtResource("19_xuqvo")

[node name="PaperTexture116" type="Sprite3D" parent="BG_AREA_paper_circle/paper_sprites"]
transform = Transform3D(-0.081382, 0, 0.996682, 0, 1, 0, -0.996682, 0, -0.081382, 31.1788, -0.100006, -515.17)
pixel_size = 0.05
axis = 1
texture = ExtResource("19_xuqvo")

[node name="PaperTexture117" type="Sprite3D" parent="BG_AREA_paper_circle/paper_sprites"]
transform = Transform3D(0.898342, 0, -0.439296, 0, 1, 0, 0.439296, 0, 0.898342, -55.8242, -0.100006, -607.251)
pixel_size = 0.05
axis = 1
texture = ExtResource("19_xuqvo")

